0.000000000000000000e+00
8.403361344537814762e-03
4.201680672268907901e-02
6.722689075630251809e-02
8.403361344537815802e-02
1.176470588235294101e-01
1.344537815126050362e-01
1.680672268907563160e-01
1.764705882352941291e-01
2.100840336134453812e-01
2.184873949579831942e-01
2.352941176470588203e-01
2.689075630252100724e-01
2.857142857142856984e-01
3.109243697478991653e-01
3.361344537815126321e-01
3.613445378151260434e-01
3.781512605042016695e-01
4.033613445378151363e-01
4.201680672268907624e-01
4.873949579831932666e-01
5.042016806722688926e-01
6.638655462184873679e-01
6.806722689075630495e-01
9.915966386554622147e-01
9.915966386554622147e-01
1.000000000000000000e+00
1.000000000000000000e+00
