0.000000000000000000e+00
8.403361344537814762e-03
3.361344537815125905e-02
5.042016806722689204e-02
1.092436974789915971e-01
1.344537815126050362e-01
1.596638655462184753e-01
1.848739495798319421e-01
2.268907563025210072e-01
3.025210084033613245e-01
3.193277310924369505e-01
3.361344537815126321e-01
3.613445378151260434e-01
3.865546218487395103e-01
4.033613445378151363e-01
6.386554621848739011e-01
6.554621848739495826e-01
9.747899159663865332e-01
9.747899159663865332e-01
9.831932773109243184e-01
9.831932773109243184e-01
9.915966386554622147e-01
9.915966386554622147e-01
1.000000000000000000e+00
1.000000000000000000e+00
